255 255 255 255 255 255 255 255 255 255 255 255 255 255 255 255
255 255 255 255 255 255 255 255 255 255 255 255 255 255 255 255
255 255   0   0   0   0   0   0   0   0   0   0   0   0 255 255
255 255   0   0   0   0   0   0   0   0   0   0   0   0 255 255
255 255   0   0   0   0   0   0   0   0   0   0   0   0 255 255
255 255   0   0   0 113 113 113 113 113 113   0   0   0 255 255
255 255   0   0   0 113 113 113 113 113 113   0   0   0 255 255
255 255   0   0   0 113 113  60 112 113 113   0   0   0 255 255
255 255   0   0   0 113 135 113 171 113 113   0   0   0 255 255
255 255   0   0   0 183 247 109 250 152 112   0   0   0 255 255
255 255   0   0   0 113 113 113 113 113 113   0   0   0 255 255
255 255   0   0   0   0   0   0   0   0   0   0   0   0 255 255
255 255   0   0   0   0   0   0   0   0   0   0   0   0 255 255
255 255   0   0   0   0   0   0   0   0   0   0   0   0 255 255
255 255 255 255 255 255 255 255 255 255 255 255 255 255 255 255
255 255 255 255 255 255 255 255 255 255 255 255 255 255 255 255
255 255 255 255 255 255 255 255 255 255 255 255 255 255 255 255
255 255 255 255 255 255 255 255 255 255 255 255 255 255 255 255
255 255   0   0   0   0   0   0   0   0   0   0   0   0 255 255
255 255   0   0   0   0   0   0   0   0   0   0   0   0 255 255
255 255   0   0   0   0   0   0   0   0   0   0   0   0 255 255
255 255   0   0   0   1   1   1   1   1   1   0   0   0 255 255
255 255   0   0   0   1   1   1   1   1   1   0   0   0 255 255
255 255   0   0   0   1   1 102   6   1   1   0   0   0 255 255
255 255   0   0   0   1  73   1  82   1   1   0   0   0 255 255
255 255   0   0   0 150 246   2 253  87   1   0   0   0 255 255
255 255   0   0   0   1   1   1   1   1   1   0   0   0 255 255
255 255   0   0   0   0   0   0   0   0   0   0   0   0 255 255
255 255   0   0   0   0   0   0   0   0   0   0   0   0 255 255
255 255   0   0   0   0   0   0   0   0   0   0   0   0 255 255
255 255 255 255 255 255 255 255 255 255 255 255 255 255 255 255
255 255 255 255 255 255 255 255 255 255 255 255 255 255 255 255
255 255 255 255 255 255 255 255 255 255 255 255 255 255 255 255
255 255 255 255 255 255 255 255 255 255 255 255 255 255 255 255
255 255   0   0   0   0   0   0   0   0   0   0   0   0 255 255
255 255   0   0   0   0   0   0   0   0   0   0   0   0 255 255
255 255   0   0   0   0   0   0   0   0   0   0   0   0 255 255
255 255   0   0   0  49  49  49  49  49  49   0   0   0 255 255
255 255   0   0   0  49  49  49  48  49  49   0   0   0 255 255
255 255   0   0   0  49  49 140  52  48  49   0   0   0 255 255
255 255   0   0   0  49  90  49  29  49  49   0   0   0 255 255
255 255   0   0   0 164 251  47 251 118  48   0   0   0 255 255
255 255   0   0   0  49  49  49  49  49  49   0   0   0 255 255
255 255   0   0   0   0   0   0   0   0   0   0   0   0 255 255
255 255   0   0   0   0   0   0   0   0   0   0   0   0 255 255
255 255   0   0   0   0   0   0   0   0   0   0   0   0 255 255
255 255 255 255 255 255 255 255 255 255 255 255 255 255 255 255
255 255 255 255 255 255 255 255 255 255 255 255 255 255 255 255

255 255 255 255 255 255 255 255 255 255 255 255 255 255 255 255
255 214 153 153 153 153 153 153 153 153 153 153 153 153 214 255
255 153   0   0   0   0   0   0   0   0   0   0   0   0 153 255
255 153   0   0   0   0   0   0   0   0   0   0   0   0 153 255
255 153   0   0   5  24  24  24  24  24  24   5   0   0 153 255
255 153   0   0  24 113 113 113 112 131 113  24   0   0 153 255
255 153   0   0  24 113 113 125 121 157 113  24   0   0 153 255
255 153   0   0  24 113 111 115 121 155 113  24   0   0 153 255
255 153   0   0  24 113 108  80 100 156 113  24   0   0 153 255
255 153   0   0  24 113 113 113 135 155 113  24   0   0 153 255
255 153   0   0  24 113 113 113 124 133 113  24   0   0 153 255
255 153   0   0   5  24  24  24  24  24  24   5   0   0 153 255
255 153   0   0   0   0   0   0   0   0   0   0   0   0 153 255
255 153   0   0   0   0   0   0   0   0   0   0   0   0 153 255
255 214 153 153 153 153 153 153 153 153 153 153 153 153 214 255
255 255 255 255 255 255 255 255 255 255 255 255 255 255 255 255
255 255 255 255 255 255 255 255 255 255 255 255 255 255 255 255
255 214 153 153 153 153 153 153 153 153 153 153 153 153 214 255
255 153   0   0   0   0   0   0   0   0   0   0   0   0 153 255
255 153   0   0   0   0   0   0   0   0   0   0   0   0 153 255
255 153   0   0   1   3   3   3   3   3   3   1   0   0 153 255
255 153   0   0   3   1   1   1   1  37   1   3   0   0 153 255
255 153   0   0   3   1   1  17  17  90   1   3   0   0 153 255
255 153   0   0   3   1  21  78  53  86   1   3   0   0 153 255
255 153   0   0   3   1   9  62  27  87   1   3   0   0 153 255
255 153   0   0   3   1   1   1  51  85   1   3   0   0 153 255
255 153   0   0   3   1   1   1  24  41   1   3   0   0 153 255
255 153   0   0   1   3   3   3   3   3   3   1   0   0 153 255
255 153   0   0   0   0   0   0   0   0   0   0   0   0 153 255
255 153   0   0   0   0   0   0   0   0   0   0   0   0 153 255
255 214 153 153 153 153 153 153 153 153 153 153 153 153 214 255
255 255 255 255 255 255 255 255 255 255 255 255 255 255 255 255
255 255 255 255 255 255 255 255 255 255 255 255 255 255 255 255
255 214 153 153 153 153 153 153 153 153 153 153 153 153 214 255
255 153   0   0   0   0   0   0   0   0   0   0   0   0 153 255
255 153   0   0   0   0   0   0   0   0   0   0   0   0 153 255
255 153   0   0   2  12  12  12  12  12  12   3   0   0 153 255
255 153   0   0  12  49  49  49  48  77  49  12   0   0 153 255
255 153   0   0  12  49  49  53  54 119  49  12   0   0 153 255
255 153   0   0  12  49  69  93  50 116  49  12   0   0 153 255
255 153   0   0  12  49  56  95  61 117  49  12   0   0 153 255
255 153   0   0  12  49  49  49  87 116  49  12   0   0 153 255
255 153   0   0  12  49  49  49  67  81  49  12   0   0 153 255
255 153   0   0   2  12  12  12  12  12  12   3   0   0 153 255
255 153   0   0   0   0   0   0   0   0   0   0   0   0 153 255
255 153   0   0   0   0   0   0   0   0   0   0   0   0 153 255
255 214 153 153 153 153 153 153 153 153 153 153 153 153 214 255
255 255 255 255 255 255 255 255 255 255 255 255 255 255 255 255

255 255 255 255 255 255 255 255 255 255 255 255 255 255 255 255
255 214 153 153 153 153 153 153 153 153 153 153 153 153 214 255
255 153   0   0   0   0   0   0   0   0   0   0   0   0 153 255
255 153   0   0   0   0   0   0   0   0   0   0   0   0 153 255
255 153   0   0   5  24  24  24  24  24  24   5   0   0 153 255
255 153   0   0  24 113 113 113 113 113 113  24   0   0 153 255
255 153   0   0  24 131 157 155 156 155 133  24   0   0 153 255
255 153   0   0  24 112 121 121 100 135 124  24   0   0 153 255
255 153   0   0  24 113 125 115  80 113 113  24   0   0 153 255
255 153   0   0  24 113 113 111 108 113 113  24   0   0 153 255
255 153   0   0  24 113 113 113 113 113 113  24   0   0 153 255
255 153   0   0   5  24  24  24  24  24  24   5   0   0 153 255
255 153   0   0   0   0   0   0   0   0   0   0   0   0 153 255
255 153   0   0   0   0   0   0   0   0   0   0   0   0 153 255
255 214 153 153 153 153 153 153 153 153 153 153 153 153 214 255
255 255 255 255 255 255 255 255 255 255 255 255 255 255 255 255
255 255 255 255 255 255 255 255 255 255 255 255 255 255 255 255
255 214 153 153 153 153 153 153 153 153 153 153 153 153 214 255
255 153   0   0   0   0   0   0   0   0   0   0   0   0 153 255
255 153   0   0   0   0   0   0   0   0   0   0   0   0 153 255
255 153   0   0   1   3   3   3   3   3   3   1   0   0 153 255
255 153   0   0   3   1   1   1   1   1   1   3   0   0 153 255
255 153   0   0   3  37  90  86  87  85  41   3   0   0 153 255
255 153   0   0   3   1  17  53  27  51  24   3   0   0 153 255
255 153   0   0   3   1  17  78  62   1   1   3   0   0 153 255
255 153   0   0   3   1   1  21   9   1   1   3   0   0 153 255
255 153   0   0   3   1   1   1   1   1   1   3   0   0 153 255
255 153   0   0   1   3   3   3   3   3   3   1   0   0 153 255
255 153   0   0   0   0   0   0   0   0   0   0   0   0 153 255
255 153   0   0   0   0   0   0   0   0   0   0   0   0 153 255
255 214 153 153 153 153 153 153 153 153 153 153 153 153 214 255
255 255 255 255 255 255 255 255 255 255 255 255 255 255 255 255
255 255 255 255 255 255 255 255 255 255 255 255 255 255 255 255
255 214 153 153 153 153 153 153 153 153 153 153 153 153 214 255
255 153   0   0   0   0   0   0   0   0   0   0   0   0 153 255
255 153   0   0   0   0   0   0   0   0   0   0   0   0 153 255
255 153   0   0   3  12  12  12  12  12  12   3   0   0 153 255
255 153   0   0  12  49  49  49  49  49  49  12   0   0 153 255
255 153   0   0  12  77 119 116 117 116  81  12   0   0 153 255
255 153   0   0  12  48  54  50  61  87  67  12   0   0 153 255
255 153   0   0  12  49  53  93  95  49  49  12   0   0 153 255
255 153   0   0  12  49  49  69  56  49  49  12   0   0 153 255
255 153   0   0  12  49  49  49  49  49  49  12   0   0 153 255
255 153   0   0   2  12  12  12  12  12  12   2   0   0 153 255
255 153   0   0   0   0   0   0   0   0   0   0   0   0 153 255
255 153   0   0   0   0   0   0   0   0   0   0   0   0 153 255
255 214 153 153 153 153 153 153 153 153 153 153 153 153 214 255
255 255 255 255 255 255 255 255 255 255 255 255 255 255 255 255

255 255 255 255 255 255 255 255 255 255 255 255 255 255 255 255
255 214 153 153 153 153 153 153 153 153 153 153 153 153 214 255
255 153   0   0   0   0   0   0   0   0   0   0   0   0 153 255
255 153   0   0   0   0   0   0   0   0   0   0   0   0 153 255
255 153   0   0   5  24  24  24  24  24  24   5   0   0 153 255
255 153   0   0  24 113 133 124 113 113 113  24   0   0 153 255
255 153   0   0  24 113 155 135 113 113 113  24   0   0 153 255
255 153   0   0  24 113 156 100  80 108 113  24   0   0 153 255
255 153   0   0  24 113 155 121 115 111 113  24   0   0 153 255
255 153   0   0  24 113 157 121 125 113 113  24   0   0 153 255
255 153   0   0  24 113 131 112 113 113 113  24   0   0 153 255
255 153   0   0   5  24  24  24  24  24  24   5   0   0 153 255
255 153   0   0   0   0   0   0   0   0   0   0   0   0 153 255
255 153   0   0   0   0   0   0   0   0   0   0   0   0 153 255
255 214 153 153 153 153 153 153 153 153 153 153 153 153 214 255
255 255 255 255 255 255 255 255 255 255 255 255 255 255 255 255
255 255 255 255 255 255 255 255 255 255 255 255 255 255 255 255
255 214 153 153 153 153 153 153 153 153 153 153 153 153 214 255
255 153   0   0   0   0   0   0   0   0   0   0   0   0 153 255
255 153   0   0   0   0   0   0   0   0   0   0   0   0 153 255
255 153   0   0   1   3   3   3   3   3   3   1   0   0 153 255
255 153   0   0   3   1  41  24   1   1   1   3   0   0 153 255
255 153   0   0   3   1  85  51   1   1   1   3   0   0 153 255
255 153   0   0   3   1  87  27  62   9   1   3   0   0 153 255
255 153   0   0   3   1  86  53  78  21   1   3   0   0 153 255
255 153   0   0   3   1  90  17  17   1   1   3   0   0 153 255
255 153   0   0   3   1  37   1   1   1   1   3   0   0 153 255
255 153   0   0   1   3   3   3   3   3   3   1   0   0 153 255
255 153   0   0   0   0   0   0   0   0   0   0   0   0 153 255
255 153   0   0   0   0   0   0   0   0   0   0   0   0 153 255
255 214 153 153 153 153 153 153 153 153 153 153 153 153 214 255
255 255 255 255 255 255 255 255 255 255 255 255 255 255 255 255
255 255 255 255 255 255 255 255 255 255 255 255 255 255 255 255
255 214 153 153 153 153 153 153 153 153 153 153 153 153 214 255
255 153   0   0   0   0   0   0   0   0   0   0   0   0 153 255
255 153   0   0   0   0   0   0   0   0   0   0   0   0 153 255
255 153   0   0   3  12  12  12  12  12  12   2   0   0 153 255
255 153   0   0  12  49  81  67  49  49  49  12   0   0 153 255
255 153   0   0  12  49 116  87  49  49  49  12   0   0 153 255
255 153   0   0  12  49 117  61  95  56  49  12   0   0 153 255
255 153   0   0  12  49 116  50  93  69  49  12   0   0 153 255
255 153   0   0  12  49 119  54  53  49  49  12   0   0 153 255
255 153   0   0  12  49  77  48  49  49  49  12   0   0 153 255
255 153   0   0   3  12  12  12  12  12  12   2   0   0 153 255
255 153   0   0   0   0   0   0   0   0   0   0   0   0 153 255
255 153   0   0   0   0   0   0   0   0   0   0   0   0 153 255
255 214 153 153 153 153 153 153 153 153 153 153 153 153 214 255
255 255 255 255 255 255 255 255 255 255 255 255 255 255 255 255
